2 0.150391 0.200769 0.166016 0.053846
2 0.341797 0.190769 0.164062 0.043077
2 0.528809 0.201538 0.166992 0.036923
2 0.150391 0.460000 0.164062 0.126154
2 0.717773 0.192308 0.164062 0.033846
2 0.906738 0.211538 0.165039 0.035385
2 0.340820 0.517692 0.164062 0.053846
2 0.528809 0.493846 0.166992 0.067692
2 0.719238 0.560000 0.165039 0.027692
2 0.906738 0.566154 0.166992 0.021538
2 0.152344 0.843077 0.164062 0.040000
2 0.340332 0.867692 0.168945 0.058462
2 0.530762 0.896923 0.166992 0.021538
2 0.719727 0.850769 0.164062 0.046154
2 0.909180 0.824615 0.166016 0.052308
