0 0.240625 0.753846 0.081250 0.076923
0 0.239844 0.673077 0.079687 0.094872
0 0.239844 0.580769 0.079687 0.094872
0 0.239844 0.406410 0.079687 0.258974
0 0.328125 0.747436 0.078125 0.094872
0 0.328125 0.648718 0.078125 0.102564
0 0.328125 0.542308 0.078125 0.110256
0 0.328125 0.330769 0.078125 0.312821
0 0.593750 0.352564 0.078125 0.294872
0 0.593750 0.565385 0.081250 0.125641
0 0.593750 0.680769 0.078125 0.110256
0 0.592969 0.767949 0.079687 0.053846
0 0.681250 0.425641 0.078125 0.246154
0 0.681250 0.600000 0.078125 0.102564
0 0.681250 0.701282 0.078125 0.094872
0 0.681250 0.771795 0.078125 0.046154
1 0.905469 0.375641 0.107813 0.053846
1 0.911719 0.457692 0.117188 0.048718
1 0.912500 0.538462 0.121875 0.056410
1 0.912500 0.621795 0.121875 0.053846
