3 0.824306 0.351429 0.065278 0.051429
3 0.836806 0.404286 0.093056 0.048571
3 0.830556 0.464286 0.075000 0.048571
3 0.849306 0.524286 0.118056 0.054286
4 0.254167 0.241429 0.105556 0.105714
4 0.408333 0.244286 0.202778 0.105714
4 0.599306 0.244286 0.170833 0.100000
4 0.718056 0.241429 0.069444 0.100000
4 0.255556 0.381429 0.102778 0.105714
4 0.661806 0.511429 0.081944 0.102857
4 0.724306 0.511429 0.051389 0.108571
4 0.251389 0.654286 0.097222 0.102857
4 0.447917 0.654286 0.295833 0.102857
4 0.672917 0.651429 0.154167 0.102857
4 0.274306 0.791429 0.143056 0.102857
4 0.480556 0.791429 0.263889 0.108571
4 0.674306 0.794286 0.131944 0.102857
4 0.747917 0.791429 0.009722 0.102857
4 0.469444 0.378571 0.319444 0.100000
4 0.683333 0.378571 0.100000 0.100000
4 0.743056 0.377143 0.013889 0.102857
3 0.843056 0.294286 0.108333 0.057143
4 0.277778 0.520000 0.147222 0.108571
4 0.485417 0.517143 0.265278 0.102857
