0 0.121875 0.294444 0.125000 0.105556
0 0.256250 0.297222 0.146875 0.105556
0 0.397656 0.297222 0.139063 0.105556
0 0.515625 0.297222 0.093750 0.105556
0 0.139063 0.470833 0.156250 0.108333
0 0.310937 0.469444 0.184375 0.105556
0 0.492188 0.469444 0.178125 0.105556
0 0.650781 0.470833 0.132812 0.108333
0 0.131250 0.643056 0.137500 0.108333
0 0.281250 0.641667 0.162500 0.105556
0 0.449219 0.643056 0.173437 0.108333
0 0.616406 0.641667 0.160938 0.111111
0 0.151562 0.815278 0.178125 0.108333
0 0.350000 0.813889 0.215625 0.105556
0 0.564844 0.815278 0.214062 0.108333
0 0.740625 0.813889 0.137500 0.105556
1 0.368750 0.144444 0.068750 0.038889
1 0.450000 0.143056 0.078125 0.041667
1 0.539062 0.145833 0.081250 0.047222
1 0.631250 0.148611 0.081250 0.047222
