5 0.488710 0.215000 0.635484 0.030000
5 0.474194 0.286667 0.609677 0.033333
3 0.347581 0.115000 0.075806 0.050000
3 0.433065 0.115000 0.075806 0.050000
3 0.525806 0.116667 0.090323 0.053333
5 0.425806 0.421667 0.512903 0.036667
5 0.349194 0.696667 0.356452 0.033333
5 0.340323 0.760000 0.338710 0.033333
5 0.327419 0.830000 0.316129 0.033333
3 0.625000 0.116667 0.091935 0.060000
5 0.408065 0.491667 0.474194 0.036667
5 0.384677 0.558333 0.430645 0.036667
5 0.375000 0.630000 0.411290 0.033333
5 0.454839 0.355000 0.570968 0.036667
