0 0.185393 0.792708 0.085072 0.118750
0 0.288122 0.827083 0.085072 0.050000
0 0.390851 0.756250 0.081862 0.187500
0 0.495185 0.732292 0.081862 0.235417
1 0.870787 0.116667 0.235955 0.037500
1 0.859551 0.157292 0.213483 0.043750
1 0.847512 0.198958 0.192616 0.043750
1 0.853933 0.282292 0.202247 0.039583
1 0.858748 0.072917 0.205457 0.045833
1 0.869181 0.240625 0.226324 0.043750
0 0.184591 0.719792 0.083467 0.031250
0 0.184591 0.680208 0.080257 0.043750
0 0.183788 0.645833 0.081862 0.025000
0 0.184591 0.631250 0.080257 0.012500
0 0.184591 0.576042 0.080257 0.093750
0 0.288122 0.793750 0.081862 0.020833
0 0.288122 0.748958 0.085072 0.068750
0 0.287319 0.686458 0.083467 0.052083
0 0.288925 0.656250 0.083467 0.012500
0 0.288925 0.617708 0.083467 0.064583
0 0.390851 0.645833 0.081862 0.037500
0 0.391653 0.581250 0.080257 0.091667
0 0.390048 0.500000 0.083467 0.066667
0 0.390851 0.457292 0.081862 0.010417
0 0.390851 0.376042 0.081862 0.147917
0 0.494382 0.565625 0.083467 0.093750
0 0.494382 0.482292 0.083467 0.072917
0 0.494382 0.434375 0.083467 0.022917
0 0.494382 0.417708 0.086677 0.006250
0 0.494382 0.310417 0.083467 0.208333
0 0.598716 0.803125 0.080257 0.093750
0 0.597913 0.744792 0.081862 0.022917
0 0.598716 0.638542 0.080257 0.185417
0 0.599518 0.496875 0.081862 0.093750
0 0.597913 0.440625 0.081862 0.014583
0 0.598716 0.375000 0.083467 0.116667
0 0.701445 0.780208 0.083467 0.139583
0 0.702247 0.703125 0.081862 0.014583
0 0.701445 0.605208 0.083467 0.181250
0 0.701445 0.445833 0.083467 0.137500
0 0.701445 0.367708 0.083467 0.010417
0 0.701445 0.268750 0.080257 0.187500
0 0.804173 0.780208 0.083467 0.139583
0 0.805778 0.693750 0.083467 0.029167
0 0.804173 0.633333 0.083467 0.091667
0 0.804173 0.557292 0.083467 0.060417
0 0.804976 0.523958 0.081862 0.010417
0 0.804173 0.435417 0.083467 0.162500
