0 0.202344 0.273316 0.142187 0.049223
0 0.346875 0.273316 0.146875 0.054404
0 0.225781 0.397668 0.192188 0.054404
0 0.372656 0.396373 0.098437 0.046632
0 0.178906 0.515544 0.095312 0.046632
0 0.348438 0.515544 0.240625 0.051813
0 0.297656 0.636010 0.335938 0.044041
0 0.610938 0.636010 0.290625 0.049223
0 0.177344 0.757772 0.095312 0.049223
0 0.321875 0.759067 0.190625 0.051813
0 0.153125 0.879534 0.050000 0.049223
0 0.226562 0.879534 0.096875 0.049223
1 0.908594 0.533679 0.114062 0.051813
1 0.885156 0.623057 0.067187 0.049223
