3 0.859524 0.193267 0.147619 0.052369
3 0.874603 0.260599 0.184127 0.047382
3 0.830952 0.332918 0.093651 0.047382
5 0.438095 0.259352 0.596825 0.139651
5 0.438889 0.460100 0.595238 0.137157
5 0.438095 0.659601 0.593651 0.132170
5 0.438889 0.859102 0.595238 0.132170
6 0.350794 0.259352 0.015873 0.134663
6 0.560317 0.260599 0.015873 0.137157
6 0.325397 0.460100 0.019048 0.137157
6 0.493651 0.458853 0.019048 0.134663
6 0.393651 0.660848 0.015873 0.134663
6 0.542063 0.659601 0.014286 0.132170
6 0.338095 0.859102 0.015873 0.132170
6 0.537302 0.859102 0.014286 0.132170
