4 0.301994 0.280556 0.117996 0.062963
4 0.393050 0.281019 0.058728 0.062037
4 0.450162 0.280093 0.050108 0.067593
4 0.327317 0.395370 0.167565 0.064815
4 0.437231 0.396296 0.045797 0.066667
4 0.499192 0.397222 0.074892 0.064815
4 0.363147 0.513889 0.238147 0.068519
4 0.508621 0.514352 0.045259 0.069444
4 0.571659 0.514352 0.073276 0.063889
4 0.321929 0.628704 0.155711 0.061111
4 0.436692 0.628241 0.070582 0.065741
4 0.564116 0.628704 0.179957 0.066667
4 0.333244 0.743056 0.178341 0.063889
4 0.509159 0.743981 0.168103 0.063889
4 0.674300 0.743056 0.157866 0.063889
3 0.411369 0.200463 0.088901 0.041667
3 0.507274 0.200463 0.093211 0.043519
3 0.596713 0.200926 0.080280 0.044444
