0 0.149219 0.854212 0.092188 0.084233
0 0.250000 0.829374 0.087500 0.129590
0 0.346094 0.843413 0.089063 0.101512
0 0.446875 0.830454 0.090625 0.140389
0 0.546875 0.835853 0.090625 0.129590
0 0.643750 0.839093 0.090625 0.123110
0 0.742969 0.854212 0.089063 0.079914
1 0.889844 0.512959 0.139063 0.036717
1 0.873437 0.550756 0.100000 0.030238
1 0.890625 0.588553 0.134375 0.032397
1 0.881250 0.630670 0.118750 0.043197
1 0.902344 0.467603 0.157812 0.041037
0 0.149219 0.766739 0.089063 0.086393
0 0.150000 0.680346 0.090625 0.082073
0 0.148438 0.592873 0.087500 0.079914
0 0.148438 0.510799 0.087500 0.092873
0 0.250000 0.321814 0.090625 0.112311
0 0.250000 0.448164 0.090625 0.131749
0 0.249219 0.580994 0.085938 0.125270
0 0.251563 0.705184 0.087500 0.123110
0 0.348438 0.742981 0.087500 0.107991
0 0.346875 0.642549 0.087500 0.097192
0 0.348438 0.535637 0.087500 0.107991
0 0.348438 0.440605 0.087500 0.090713
0 0.446875 0.693305 0.090625 0.133909
0 0.446875 0.564795 0.087500 0.127430
0 0.446875 0.431965 0.087500 0.129590
0 0.446875 0.293737 0.087500 0.146868
0 0.546875 0.705184 0.087500 0.127430
0 0.546875 0.579914 0.087500 0.127430
0 0.543750 0.439525 0.090625 0.153348
0 0.546875 0.298056 0.087500 0.129590
0 0.643750 0.717063 0.087500 0.125270
0 0.643750 0.597192 0.087500 0.105832
0 0.642969 0.479482 0.089063 0.125270
0 0.643750 0.354212 0.090625 0.133909
0 0.743750 0.785097 0.087500 0.066955
0 0.743750 0.710583 0.087500 0.082073
0 0.743750 0.634989 0.087500 0.069114
0 0.745313 0.565875 0.087500 0.077754
