0 0.265625 0.858314 0.096875 0.044496
0 0.393750 0.867681 0.096875 0.025761
0 0.521875 0.838407 0.096875 0.088993
0 0.653125 0.777518 0.100000 0.210773
1 0.896094 0.168618 0.173437 0.032787
1 0.896094 0.204918 0.173437 0.035129
1 0.896094 0.245902 0.173437 0.028103
1 0.896094 0.277518 0.173437 0.025761
1 0.896094 0.316159 0.170313 0.032787
1 0.896094 0.354801 0.170313 0.025761
1 0.898438 0.392272 0.171875 0.030445
1 0.896094 0.427400 0.173437 0.030445
0 0.265625 0.806792 0.093750 0.058548
0 0.264062 0.755269 0.093750 0.035129
0 0.266406 0.722482 0.095312 0.025761
0 0.266406 0.702576 0.095312 0.009368
0 0.267188 0.695550 0.100000 0.004684
0 0.267188 0.685012 0.100000 0.011710
0 0.394531 0.832553 0.098437 0.039813
0 0.393750 0.792740 0.096875 0.035129
0 0.393750 0.762295 0.096875 0.025761
0 0.394531 0.744731 0.098437 0.004684
0 0.393750 0.734192 0.100000 0.016393
0 0.392969 0.704918 0.095312 0.042155
0 0.392969 0.666276 0.095312 0.025761
0 0.521875 0.707260 0.096875 0.173302
0 0.521875 0.591335 0.096875 0.058548
0 0.521875 0.530445 0.096875 0.058548
0 0.523438 0.496487 0.100000 0.009368
0 0.521875 0.487119 0.096875 0.009368
0 0.521875 0.471897 0.100000 0.021077
0 0.523438 0.454333 0.100000 0.018735
0 0.652344 0.558548 0.095312 0.227166
0 0.652344 0.401639 0.095312 0.081967
0 0.651563 0.314988 0.096875 0.086651
0 0.651563 0.264637 0.096875 0.014052
0 0.652344 0.247073 0.098437 0.021077
0 0.652344 0.229508 0.098437 0.018735
