1 0.165210 0.689095 0.043706 0.320186
1 0.208042 0.748260 0.041958 0.220418
1 0.270105 0.740139 0.043706 0.232019
1 0.314685 0.747100 0.041958 0.218097
1 0.375000 0.590487 0.043706 0.531323
1 0.416084 0.661253 0.041958 0.389791
1 0.478147 0.511601 0.043706 0.675174
1 0.520105 0.648492 0.040210 0.401392
1 0.582168 0.599768 0.041958 0.512761
1 0.628497 0.661253 0.043706 0.375870
1 0.687063 0.574246 0.041958 0.563805
1 0.729021 0.573086 0.041958 0.566125
1 0.793706 0.634571 0.041958 0.447796
1 0.837413 0.661253 0.041958 0.389791
3 0.860140 0.135731 0.167832 0.034803
3 0.873252 0.172854 0.194056 0.034803
3 0.863636 0.208817 0.174825 0.027842
3 0.867133 0.272622 0.181818 0.034803
3 0.855769 0.238979 0.159091 0.037123
3 0.859266 0.308585 0.166084 0.032483
