0 0.089063 0.722973 0.053125 0.317568
0 0.183594 0.744932 0.054688 0.280405
0 0.278125 0.733108 0.053125 0.297297
0 0.375000 0.722973 0.056250 0.324324
0 0.470313 0.746622 0.056250 0.277027
0 0.564063 0.782095 0.056250 0.206081
0 0.659375 0.793919 0.053125 0.182432
0 0.754687 0.812500 0.053125 0.145270
0 0.850000 0.810811 0.053125 0.155405
0 0.945312 0.810811 0.053125 0.148649
0 0.089063 0.457770 0.053125 0.206081
0 0.089844 0.214527 0.054688 0.280405
0 0.089063 0.052365 0.053125 0.043919
0 0.183594 0.486486 0.051562 0.222973
0 0.185156 0.221284 0.051562 0.307432
0 0.185938 0.050676 0.053125 0.033784
0 0.278906 0.471284 0.051562 0.219595
0 0.278906 0.209459 0.051562 0.304054
0 0.280469 0.043919 0.054688 0.027027
0 0.374219 0.464527 0.051562 0.192568
0 0.374219 0.212838 0.051562 0.304054
0 0.374219 0.045608 0.051562 0.030405
0 0.469531 0.530405 0.051562 0.148649
0 0.470313 0.383446 0.053125 0.138514
0 0.470313 0.194257 0.053125 0.233108
0 0.470313 0.052365 0.053125 0.043919
0 0.564844 0.584459 0.054688 0.189189
0 0.564844 0.271959 0.054688 0.429054
0 0.565625 0.043919 0.056250 0.027027
0 0.660156 0.586149 0.051562 0.226351
0 0.660156 0.263514 0.051562 0.412162
0 0.660937 0.045608 0.053125 0.030405
0 0.754687 0.646959 0.053125 0.185811
0 0.756250 0.304054 0.053125 0.500000
0 0.757031 0.043919 0.051562 0.020270
0 0.851562 0.646959 0.053125 0.165541
0 0.850781 0.310811 0.054688 0.506757
0 0.851562 0.043919 0.056250 0.027027
0 0.945312 0.667230 0.053125 0.131757
0 0.945312 0.326014 0.053125 0.543919
0 0.946094 0.042230 0.051562 0.016892
