0 0.122400 0.761641 0.049600 0.308204
0 0.188000 0.789357 0.049600 0.243902
0 0.255200 0.781596 0.049600 0.263858
0 0.323200 0.787140 0.051200 0.252772
0 0.389600 0.748337 0.052800 0.334812
0 0.455200 0.752772 0.049600 0.317073
0 0.522400 0.763858 0.049600 0.299335
0 0.590400 0.698448 0.051200 0.430155
0 0.656800 0.652993 0.049600 0.521064
0 0.724000 0.644124 0.049600 0.538803
0 0.792000 0.508869 0.048000 0.809313
0 0.858400 0.626386 0.049600 0.574279
2 0.489600 0.169623 0.745600 0.144124
1 0.136800 0.276053 0.084800 0.028825
1 0.169600 0.313747 0.156800 0.028825
