0 0.117550 0.753125 0.076159 0.127083
0 0.197020 0.763542 0.076159 0.110417
0 0.322848 0.753125 0.076159 0.127083
0 0.403146 0.763542 0.077815 0.110417
0 0.528146 0.754167 0.076159 0.125000
0 0.605960 0.762500 0.072848 0.108333
1 0.719371 0.093750 0.067881 0.037500
1 0.754967 0.140625 0.142384 0.047917
0 0.115894 0.633333 0.072848 0.112500
0 0.117550 0.529167 0.076159 0.091667
0 0.116722 0.429167 0.074503 0.100000
0 0.116722 0.329167 0.074503 0.087500
0 0.116722 0.229167 0.074503 0.104167
0 0.197020 0.651042 0.076159 0.102083
0 0.197848 0.550000 0.074503 0.087500
0 0.197020 0.462500 0.076159 0.079167
0 0.197848 0.372917 0.077815 0.087500
0 0.197020 0.268750 0.076159 0.108333
0 0.322848 0.631250 0.076159 0.100000
0 0.322020 0.527083 0.077815 0.100000
0 0.322848 0.426042 0.076159 0.093750
0 0.322848 0.326042 0.076159 0.089583
0 0.322020 0.226042 0.074503 0.106250
0 0.402318 0.651042 0.076159 0.102083
0 0.402318 0.550000 0.076159 0.083333
0 0.403146 0.462500 0.074503 0.083333
0 0.402318 0.369792 0.076159 0.089583
0 0.400662 0.265625 0.079470 0.106250
0 0.528974 0.632292 0.077815 0.106250
0 0.528146 0.526042 0.076159 0.093750
0 0.528974 0.421875 0.074503 0.093750
0 0.528974 0.323958 0.074503 0.093750
0 0.528974 0.218750 0.074503 0.104167
0 0.604305 0.648958 0.076159 0.106250
0 0.605960 0.546875 0.072848 0.085417
0 0.604305 0.460417 0.076159 0.083333
0 0.605960 0.365625 0.072848 0.089583
0 0.603477 0.265625 0.074503 0.102083
