3 0.907703 0.532009 0.112882 0.057395
3 0.874502 0.622517 0.062417 0.048565
5 0.271580 0.394040 0.290837 0.050773
5 0.298141 0.515453 0.338645 0.050773
5 0.438911 0.635762 0.625498 0.048565
5 0.270916 0.754967 0.289509 0.052980
5 0.198539 0.876380 0.144754 0.052980
6 0.225764 0.514349 0.013280 0.048565
6 0.225764 0.756071 0.013280 0.050773
6 0.177291 0.871965 0.011952 0.048565
5 0.273572 0.273731 0.292165 0.048565
6 0.464807 0.635762 0.015936 0.052980
6 0.274900 0.275938 0.015936 0.052980
6 0.321381 0.392936 0.018592 0.052980
