5 0.363971 0.176119 0.438725 0.107463
5 0.324755 0.304478 0.365196 0.107463
5 0.299020 0.431343 0.313725 0.104478
5 0.294118 0.562687 0.299020 0.110448
5 0.272059 0.692537 0.254902 0.113433
3 0.828431 0.325373 0.151961 0.065672
3 0.811275 0.443284 0.122549 0.050746
3 0.811275 0.547761 0.107843 0.056716
4 0.248775 0.182090 0.208333 0.101493
4 0.424020 0.176119 0.137255 0.095522
4 0.537990 0.176119 0.090686 0.095522
4 0.224265 0.304478 0.164216 0.095522
4 0.367647 0.307463 0.122549 0.095522
4 0.464461 0.304478 0.075980 0.095522
4 0.224265 0.565672 0.159314 0.098507
4 0.351716 0.565672 0.090686 0.104478
4 0.421569 0.565672 0.044118 0.104478
4 0.199755 0.689552 0.110294 0.101493
4 0.366422 0.689552 0.056373 0.101493
4 0.236520 0.431343 0.183824 0.098507
4 0.376225 0.431343 0.095588 0.092537
4 0.296569 0.689552 0.068627 0.101493
4 0.441176 0.431343 0.024510 0.098507
